4862
1209
2518
1884
314
842
2558
1622
3950
1464
1917
3795
4866
86
1649
2333
4593
2180
498
4410
1760
4476
4161
4666
3220
2906
1604
2706
489
389
75
2213
429
166
2979
3116
2642
1554
4693
461
747
1562
2343
3850
960
831
282
433
4597
2380
2835
310
2407
1416
2988
629
727
1648
2289
740
2209
2681
218
818
3355
1615
2154
401
3395
709
2377
4554
759
1397
3759
2877
1402
1809
4583
2247
2595
188
4146
3733
4192
1513
3080
2374
4107
3906
1742
2006
4354
3534
1315
130
3443
85
4186
3413
3349
627
513
1958
4012
4864
2535
3605
1651
2585
950
4528
1819
4044
2202
1312
1462
1193
892
3166
