8649478
7369309
8729287
7717063
1664353
662355
1341985
2099271
1763493
5542296
5755880
3309283
3933625
2149134
5326564
7383362
7728417
7478093
3900579
4111661
7003793
7892428
4808545
7137097
361501
5667725
1097066
7960492
3472614
7519900
311860
8287260
4473817
6445313
6878682
4756470
8540480
2647954
6224376
1052505
1037847
7784931
1277297
7453285
4595767
3576165
2517337
2145128
1765847
5178309
940661
4979864
5813747
3672244
8576621
6959598
8068475
5983048
8271800
5978556
3044244
7928258
7040902
246483
4998293
4495687
7619146
3782731
8273652
663714
1111783
533993
7987112
7709232
8688270
6409118
7259818
7973617
633520
3856921
679938
4433684
7298953
4260481
8219110
7886613
2857627
7224077
8235286
5226941
8541342
7219574
748085
708626
2954525
4729920
1992852
3089714
734700
6393611
8122989
1422328
348751
6223258
539006
7666571
933165
7478816
5489094
4748445
6406266
492623
4954000
6274099
4659095
200329
6664245
1005439
880756
3097319
6238126
557608
6891854
4250240
3002901
6836147
2594672
549373
5067116
5028132
1418309
7502193
4282894
8372857
3360940
7230891
2865518
7703012
316507
8226439
3972122
5967495
8573849
317886
4530518
2982381
2929843
4306319
4526092
1160133
7674370
3152192
7508850
8714765
5657063
1980119
5719027
5810757
5717549
8121256
1129680
7918532
6473892
3409058
2668339
8524785
2000154
2875116
587294
4338941
368799
8193891
2871897
8034163
4707536
4443775
696093
3574743
3141421
5684667
1055092
2398911
7969129
3969124
7116408
946327
1486474
3604580
5751603
6402066
1445750
4485696
8308483
1392841
5169369
230455
1304141
114017
2218582
6040952
1754932
5699151
2245006
8130077
3232803
3476295
3419174
5636348
295704
8170066
4364593
7273153
1927746
3329400
6021201
8681742
5202708
7364743
8515561
1035500
716424
8022524
2632502
7889108
4489595
4606714
1069695
3273661
3484398
8811075
4455307
744778
1597455
7129482
7979935
4202122
3232172
5542924
7193485
2325871
402102
3007349
4585197
5391117
8655210
4488949
2451391
3972242
7071485
7186304
4384360
8557543
5903023
7549171
893858
6539731
6990056
2863517
8340788
5903603
306293
8160943
2510742
7991452
4695263
4598550
366214
3616709
2765713
6455070
8347891
8707869
5203545
7358458
3408328
4105784
7482429
3238381
8410603
5215618
198957
2083957
4432032
5662713
8758613
4280091
2288578
3866232
6802620
7144191
5442187
476559
5726529
2107874
3874209
6491352
7223804
8781872
309847
4049045
4010418
1524429
2033830
5904412
7292030
207002
5727131
7338108
4788769
971175
3700549
746905
4788263
7877878
3390288
7108096
3113533
2717930
5153434
7417946
