3
0
8
7
16
24
23
37
22
33
41
40
42
46
47
76
60
77
66
73
87
94
88
80
85
113
110
108
104
106
130
123
122
132
138
151
159
148
141
154
177
163
172
162
169
199
191
186
182
181
207
209
202
219
203
232
228
234
231
225
251
259
246
248
242
279
265
277
267
278
294
292
288
287
290
601
607
619
610
612
628
622
626
630
637
655
652
654
644
648
664
667
677
668
673
698
692
691
687
684
716
715
702
701
703
724
725
733
722
732
752
754
756
748
740
763
777
768
770
779
789
793
785
794
780
808
816
805
818
803
829
836
826
824
831
845
857
856
840
850
875
860
863
871
869
887
881
899
882
896
